source;destination;distance
0;0;0.0
0;3;2.564
0;4;2.808
0;5;4.579
1;1;0.0
1;4;3.056
1;5;2.621
1;6;4.675
1;64;4.942
1;65;3.519
2;2;0.0
2;6;3.031
3;0;2.564
3;3;0.0
3;6;3.353
3;7;3.561
4;0;2.808
4;1;3.056
4;4;0.0
4;7;2.539
4;8;2.945
4;9;4.769
4;61;4.018
4;65;3.605
5;0;4.579
5;1;2.621
5;5;0.0
5;8;4.091
5;9;3.24
5;65;3.55
6;1;4.675
6;2;3.031
6;3;3.353
6;6;0.0
7;3;3.561
7;4;2.539
7;7;0.0
7;10;2.949
7;13;4.572
8;4;2.945
8;5;4.091
8;8;0.0
8;13;3.656
8;14;4.719
8;61;3.524
8;65;3.875
9;4;4.769
9;5;3.24
9;9;0.0
9;66;4.274
10;7;2.949
10;10;0.0
10;13;3.196
10;14;3.578
11;11;0.0
11;14;2.725
11;15;2.974
11;16;4.638
12;12;0.0
12;16;2.83
12;17;4.723
13;7;4.572
13;8;3.656
13;10;3.196
13;13;0.0
13;16;3.332
13;17;2.996
13;58;3.392
13;61;4.024
14;8;4.719
14;10;3.578
14;11;2.725
14;14;0.0
14;17;2.896
14;18;2.751
14;19;4.642
15;11;2.974
15;15;0.0
15;18;3.445
15;19;2.82
16;11;4.638
16;12;2.83
16;13;3.332
16;16;0.0
16;19;3.015
16;20;3.064
17;12;4.723
17;13;2.996
17;14;2.896
17;17;0.0
17;20;3.282
17;21;3.035
17;58;3.188
18;14;2.751
18;15;3.445
18;18;0.0
18;21;3.464
18;22;3.304
18;108;3.734
18;109;3.632
19;14;4.642
19;15;2.82
19;16;3.015
19;19;0.0
19;22;3.44
19;23;3.073
20;16;3.064
20;17;3.282
20;20;0.0
20;23;2.772
20;24;2.608
20;25;4.221
20;54;3.886
20;55;3.794
21;17;3.035
21;18;3.464
21;21;0.0
21;24;3.335
21;25;2.642
21;26;4.745
21;55;3.5
21;104;3.437
21;105;3.558
22;18;3.304
22;19;3.44
22;22;0.0
22;25;3.678
22;26;3.012
23;19;3.073
23;20;2.772
23;23;0.0
23;26;3.182
23;27;2.879
23;28;4.892
23;47;3.938
24;20;2.608
24;21;3.335
24;24;0.0
24;27;3.15
24;28;2.843
24;48;3.406
24;101;2.818
25;20;4.221
25;21;2.642
25;22;3.678
25;25;0.0
25;28;3.081
25;29;3.518
26;21;4.745
26;22;3.012
26;23;3.182
26;26;0.0
26;29;3.179
26;30;3.569
27;23;2.879
27;24;3.15
27;27;0.0
27;30;3.425
27;31;3.075
27;44;3.558
27;47;3.763
28;23;4.892
28;24;2.843
28;25;3.081
28;28;0.0
28;31;3.56
28;32;3.793
28;99;3.995
28;101;3.533
28;102;3.367
28;367;4.01
29;25;3.518
29;26;3.179
29;29;0.0
29;32;3.6
29;33;4.202
29;222;6.823
30;26;3.569
30;27;3.425
30;30;0.0
30;33;2.792
30;36;3.71
30;222;6.868
31;27;3.075
31;28;3.56
31;31;0.0
31;37;3.744
31;44;3.466
31;48;2.46
32;28;3.793
32;29;3.6
32;32;0.0
32;222;4.812
32;367;4.74
32;384;3.887
33;29;4.202
33;30;2.792
33;33;0.0
33;36;3.118
33;37;3.055
33;222;2.493
34;34;0.0
34;37;3.645
34;38;3.552
34;222;3.243
35;35;0.0
35;38;2.596
35;39;3.418
35;222;3.72
36;30;3.71
36;33;3.118
36;36;0.0
36;39;2.863
36;40;3.011
36;222;5.115
37;31;3.744
37;33;3.055
37;34;3.645
37;37;0.0
37;222;6.908
38;34;3.552
38;35;2.596
38;38;0.0
39;35;3.418
39;36;2.863
39;39;0.0
39;42;4.694
40;36;3.011
40;40;0.0
40;43;4.017
40;44;3.167
41;41;0.0
41;44;3.44
41;45;3.201
42;39;4.694
42;42;0.0
42;45;2.709
42;46;2.794
42;47;4.566
43;40;4.017
43;43;0.0
43;46;3.559
43;47;3.045
44;27;3.558
44;31;3.466
44;40;3.167
44;41;3.44
44;44;0.0
44;47;4.034
44;48;2.948
45;41;3.201
45;42;2.709
45;45;0.0
45;48;3.122
45;49;3.354
46;42;2.794
46;43;3.559
46;46;0.0
46;49;2.922
46;50;2.943
47;23;3.938
47;27;3.763
47;42;4.566
47;43;3.045
47;44;4.034
47;47;0.0
47;50;3.637
47;51;3.227
48;24;3.406
48;31;2.46
48;44;2.948
48;45;3.122
48;48;0.0
48;51;3.241
48;52;3.063
48;53;4.949
48;101;3.935
49;45;3.354
49;46;2.922
49;49;0.0
49;52;3.271
49;53;3.116
50;46;2.943
50;47;3.637
50;50;0.0
50;53;3.055
50;54;2.951
50;55;4.931
51;47;3.227
51;48;3.241
51;51;0.0
51;55;2.791
51;56;4.902
52;48;3.063
52;49;3.271
52;52;0.0
52;55;3.427
52;56;2.964
52;86;3.411
52;87;3.332
53;48;4.949
53;49;3.116
53;50;3.055
53;53;0.0
53;56;2.706
53;57;2.955
53;58;4.983
54;20;3.886
54;50;2.951
54;54;0.0
54;57;3.394
54;58;2.927
55;20;3.794
55;21;3.5
55;50;4.931
55;51;2.791
55;52;3.427
55;55;0.0
55;59;2.94
55;60;4.964
55;104;3.203
56;51;4.902
56;52;2.964
56;53;2.706
56;56;0.0
56;59;3.513
56;60;3.042
57;53;2.955
57;54;3.394
57;57;0.0
57;60;2.879
57;61;2.963
57;62;4.95
58;13;3.392
58;17;3.188
58;53;4.983
58;54;2.927
58;58;0.0
58;62;3.088
58;104;2.359
59;55;2.94
59;56;3.513
59;59;0.0
59;62;3.606
59;63;3.16
59;70;3.462
59;79;3.9
60;55;4.964
60;56;3.042
60;57;2.879
60;60;0.0
60;63;2.744
60;64;3.081
61;4;4.018
61;8;3.524
61;13;4.024
61;57;2.963
61;61;0.0
61;64;2.993
61;65;2.966
61;66;4.975
62;57;4.95
62;58;3.088
62;59;3.606
62;62;0.0
62;65;3.44
62;67;4.547
62;70;3.94
62;75;4.543
62;76;4.367
62;79;3.34
63;59;3.16
63;60;2.744
63;63;0.0
63;66;3.212
63;67;2.357
63;70;3.468
63;71;3.397
64;1;4.942
64;60;3.081
64;61;2.993
64;64;0.0
64;67;3.767
65;1;3.519
65;4;3.605
65;5;3.55
65;8;3.875
65;61;2.966
65;62;3.44
65;65;0.0
66;9;4.274
66;61;4.975
66;63;3.212
66;66;0.0
66;69;2.972
66;70;3.836
67;62;4.547
67;63;2.357
67;64;3.767
67;67;0.0
67;70;2.985
67;71;3.937
68;68;0.0
68;71;3.371
68;72;3.548
69;66;2.972
69;69;0.0
69;72;3.285
69;73;3.318
70;59;3.462
70;62;3.94
70;63;3.468
70;66;3.836
70;67;2.985
70;70;0.0
70;73;2.942
70;76;3.867
70;77;4.322
70;80;3.988
71;63;3.397
71;67;3.937
71;68;3.371
71;71;0.0
71;77;3.978
72;68;3.548
72;69;3.285
72;72;0.0
73;69;3.318
73;70;2.942
73;73;0.0
73;76;2.472
73;77;2.85
73;78;4.898
74;74;0.0
74;78;2.892
75;62;4.543
75;75;0.0
75;78;3.544
75;79;3.166
75;107;3.724
75;113;3.662
75;117;4.848
76;62;4.367
76;70;3.867
76;73;2.472
76;76;0.0
76;79;2.881
76;80;2.702
76;81;4.968
77;70;4.322
77;71;3.978
77;73;2.85
77;77;0.0
77;80;2.858
77;81;2.696
77;82;4.683
78;73;4.898
78;74;2.892
78;75;3.544
78;78;0.0
78;81;3.102
78;82;2.708
78;83;4.642
78;103;3.332
79;59;3.9
79;62;3.34
79;75;3.166
79;76;2.881
79;79;0.0
79;82;3.656
79;83;3.117
79;84;4.833
79;104;2.973
79;107;3.492
80;70;3.988
80;76;2.702
80;77;2.858
80;80;0.0
80;83;3.164
80;84;2.88
81;76;4.968
81;77;2.696
81;78;3.102
81;81;0.0
81;84;3.688
81;85;3.35
82;77;4.683
82;78;2.708
82;79;3.656
82;82;0.0
82;85;3.775
82;86;3.409
82;100;3.716
82;101;3.703
83;78;4.642
83;79;3.117
83;80;3.164
83;83;0.0
83;86;4.021
83;87;3.001
84;79;4.833
84;80;2.88
84;81;3.688
84;84;0.0
84;87;2.658
84;88;3.216
85;81;3.35
85;82;3.775
85;85;0.0
85;88;2.835
85;97;3.892
85;98;4.576
86;52;3.411
86;82;3.409
86;83;4.021
86;86;0.0
86;98;4.204
86;101;2.42
87;52;3.332
87;83;3.001
87;84;2.658
87;87;0.0
87;98;4.838
88;84;3.216
88;85;2.835
88;88;0.0
88;94;3.387
88;98;2.783
89;89;0.0
89;98;4.027
90;90;0.0
90;95;3.114
90;98;4.68
91;91;0.0
91;94;3.873
91;95;4.39
91;443;5.687
92;92;0.0
92;95;2.577
92;96;2.808
92;97;4.834
92;443;6.08
93;93;0.0
93;96;2.718
93;97;2.688
93;443;3.845
94;88;3.387
94;91;3.873
94;94;0.0
94;97;3.121
94;98;3.192
95;90;3.114
95;91;4.39
95;92;2.577
95;95;0.0
95;98;3.983
96;92;2.808
96;93;2.718
96;96;0.0
96;99;3.074
96;100;4.545
96;368;3.774
96;372;3.945
96;443;6.92
97;85;3.892
97;92;4.834
97;93;2.688
97;94;3.121
97;97;0.0
97;100;2.769
97;101;4.415
97;368;3.738
98;85;4.576
98;86;4.204
98;87;4.838
98;88;2.783
98;89;4.027
98;90;4.68
98;94;3.192
98;95;3.983
98;98;0.0
98;101;2.899
98;102;4.768
99;28;3.995
99;96;3.074
99;99;0.0
99;102;3.039
99;103;4.537
99;368;3.107
100;82;3.716
100;96;4.545
100;97;2.769
100;100;0.0
100;103;2.834
100;104;4.228
101;24;2.818
101;28;3.533
101;48;3.935
101;82;3.703
101;86;2.42
101;97;4.415
101;98;2.899
101;101;0.0
101;104;2.641
101;105;4.338
102;28;3.367
102;98;4.768
102;99;3.039
102;102;0.0
102;105;3.394
102;106;4.767
102;364;3.747
103;78;3.332
103;99;4.537
103;100;2.834
103;103;0.0
103;106;2.887
103;107;3.603
103;361;3.845
103;364;3.347
104;21;3.437
104;55;3.203
104;58;2.359
104;79;2.973
104;100;4.228
104;101;2.641
104;104;0.0
104;107;2.979
104;108;2.746
104;109;4.564
105;21;3.558
105;101;4.338
105;102;3.394
105;105;0.0
105;109;3.579
106;102;4.767
106;103;2.887
106;106;0.0
106;109;3.89
106;113;4.644
106;116;3.327
106;360;3.653
107;75;3.724
107;79;3.492
107;103;3.603
107;104;2.979
107;107;0.0
107;113;2.902
108;18;3.734
108;104;2.746
108;108;0.0
109;18;3.632
109;104;4.564
109;105;3.579
109;106;3.89
109;109;0.0
109;112;3.623
109;113;3.578
109;223;5.681
110;110;0.0
110;113;4.315
110;223;6.528
111;111;0.0
111;114;2.971
111;115;3.046
111;223;3.27
112;109;3.623
112;112;0.0
112;115;3.142
112;116;2.995
112;117;4.759
112;223;2.781
113;75;3.662
113;106;4.644
113;107;2.902
113;109;3.578
113;110;4.315
113;113;0.0
113;116;3.525
113;117;2.709
113;118;4.525
114;111;2.971
114;114;0.0
114;117;3.349
114;118;2.69
114;119;4.808
115;111;3.046
115;112;3.142
115;115;0.0
115;118;2.932
115;119;2.691
115;120;4.73
115;223;6.675
115;353;3.53
115;354;3.779
115;357;3.486
116;106;3.327
116;112;2.995
116;113;3.525
116;116;0.0
116;119;3.354
116;120;3.003
116;121;4.856
116;357;4.006
117;75;4.848
117;112;4.759
117;113;2.709
117;114;3.349
117;117;0.0
117;120;3.554
117;121;2.959
118;113;4.525
118;114;2.69
118;115;2.932
118;118;0.0
118;121;3.547
118;122;3.861
119;114;4.808
119;115;2.691
119;116;3.354
119;119;0.0
119;122;3.194
119;123;3.905
119;357;3.532
119;428;3.962
119;432;3.651
120;115;4.73
120;116;3.003
120;117;3.554
120;120;0.0
120;123;2.856
121;116;4.856
121;117;2.959
121;118;3.547
121;121;0.0
121;124;3.465
121;125;4.721
122;118;3.861
122;119;3.194
122;122;0.0
122;125;3.076
122;126;3.97
122;212;3.188
123;119;3.905
123;120;2.856
123;123;0.0
123;126;2.812
123;127;3.532
124;121;3.465
124;124;0.0
124;127;3.36
124;128;4.978
124;220;5.786
125;121;4.721
125;122;3.076
125;125;0.0
125;220;6.493
126;122;3.97
126;123;2.812
126;126;0.0
126;129;3.132
126;130;2.789
126;131;4.861
126;208;3.338
126;212;3.199
127;123;3.532
127;124;3.36
127;127;0.0
127;131;2.967
127;132;4.885
127;220;3.973
128;124;4.978
128;128;0.0
128;131;3.571
128;132;3.157
128;220;2.67
129;126;3.132
129;129;0.0
129;132;2.999
129;133;2.859
129;134;4.922
129;204;3.614
129;218;6.171
129;220;6.631
130;126;2.789
130;130;0.0
130;133;3.701
130;134;3.113
130;218;4.363
131;126;4.861
131;127;2.967
131;128;3.571
131;131;0.0
131;134;3.262
131;135;2.942
131;136;4.927
131;218;6.986
131;220;4.377
132;127;4.885
132;128;3.157
132;129;2.999
132;132;0.0
132;135;3.248
132;136;2.958
132;220;6.807
133;129;2.859
133;130;3.701
133;133;0.0
133;136;2.909
133;137;2.689
133;138;4.792
133;201;4.025
133;204;3.314
133;205;3.549
133;218;2.536
134;129;4.922
134;130;3.113
134;131;3.262
134;134;0.0
134;137;3.379
134;138;2.906
134;218;3.386
135;131;2.942
135;132;3.248
135;135;0.0
135;138;2.996
135;139;2.928
135;218;6.979
136;131;4.927
136;132;2.958
136;133;2.909
136;136;0.0
136;139;3.243
136;140;2.992
136;141;4.702
136;197;3.675
136;200;3.429
136;218;6.96
137;133;2.689
137;134;3.379
137;137;0.0
137;140;3.545
137;141;2.755
137;142;4.72
137;163;3.895
137;166;3.732
137;170;3.451
137;197;3.981
137;201;3.846
137;218;4.393
137;221;6.954
138;133;4.792
138;134;2.906
138;135;2.996
138;138;0.0
138;141;3.347
138;142;3.001
138;163;4.008
139;135;2.928
139;136;3.243
139;139;0.0
139;142;3.34
139;143;3.041
140;136;2.992
140;137;3.545
140;140;0.0
140;143;3.442
140;144;2.856
140;145;4.771
140;166;3.658
140;193;3.533
140;197;3.536
141;136;4.702
141;137;2.755
141;138;3.347
141;141;0.0
141;144;3.436
141;145;2.988
141;159;3.708
141;163;3.779
141;166;4.02
142;137;4.72
142;138;3.001
142;139;3.34
142;142;0.0
142;145;3.263
142;146;3.152
142;159;3.776
143;139;3.041
143;140;3.442
143;143;0.0
143;146;3.116
143;147;2.913
143;148;4.955
143;193;3.927
144;140;2.856
144;141;3.436
144;144;0.0
144;147;2.97
144;148;2.741
144;149;3.731
144;156;3.643
144;193;3.704
145;140;4.771
145;141;2.988
145;142;3.263
145;145;0.0
145;148;4.019
145;149;3.187
145;150;4.674
145;156;3.74
145;158;3.91
145;162;2.715
146;142;3.152
146;143;3.116
146;146;0.0
147;143;2.913
147;144;2.97
147;147;0.0
148;143;4.955
148;144;2.741
148;145;4.019
148;148;0.0
148;151;3.503
148;152;2.716
148;156;3.766
148;187;3.34
148;194;3.697
149;144;3.731
149;145;3.187
149;149;0.0
149;152;3.866
150;145;4.674
150;150;0.0
151;148;3.503
151;151;0.0
151;186;3.853
151;187;4.623
152;148;2.716
152;149;3.866
152;152;0.0
152;155;3.272
152;156;2.902
152;157;3.526
152;183;3.266
152;186;3.902
152;187;3.804
153;153;0.0
153;156;3.607
153;157;3.052
153;158;4.697
154;154;0.0
154;218;6.871
154;406;3.908
155;152;3.272
155;155;0.0
155;162;4.221
155;165;4.714
155;179;3.658
155;402;4.737
155;406;3.535
156;144;3.643
156;145;3.74
156;148;3.766
156;152;2.902
156;153;3.607
156;156;0.0
156;162;3.289
156;165;3.362
156;183;3.993
156;194;3.679
157;152;3.526
157;153;3.052
157;157;0.0
157;161;3.062
157;219;6.234
158;145;3.91
158;153;4.697
158;158;0.0
158;161;3.061
158;162;2.805
158;163;4.875
158;218;2.834
158;219;4.106
159;141;3.708
159;142;3.776
159;159;0.0
159;162;3.464
159;163;3.017
159;218;4.853
159;219;5.061
160;160;0.0
160;163;3.133
160;164;3.032
160;218;2.718
160;219;6.035
161;157;3.062
161;158;3.061
161;161;0.0
161;164;3.187
161;165;2.921
161;166;4.946
161;218;3.533
162;145;2.715
162;155;4.221
162;156;3.289
162;158;2.805
162;159;3.464
162;162;0.0
162;165;3.359
162;166;2.825
162;167;4.785
162;218;6.066
163;137;3.895
163;138;4.008
163;141;3.779
163;158;4.875
163;159;3.017
163;160;3.133
163;163;0.0
163;166;3.314
163;167;2.997
163;218;3.047
164;160;3.032
164;161;3.187
164;164;0.0
164;167;3.093
164;168;3.028
164;218;2.915
164;400;3.894
164;401;2.716
164;406;3.6
164;409;3.279
165;155;4.714
165;156;3.362
165;161;2.921
165;162;3.359
165;165;0.0
165;168;3.149
165;169;2.982
165;218;6.116
165;406;4.91
166;137;3.732
166;140;3.658
166;141;4.02
166;161;4.946
166;162;2.825
166;163;3.314
166;166;0.0
166;169;3.421
166;170;3.001
166;197;3.966
166;218;6.711
167;162;4.785
167;163;2.997
167;164;3.093
167;167;0.0
167;170;3.005
167;171;3.042
167;218;3.461
167;221;3.735
167;400;3.759
167;420;3.629
167;424;3.444
168;164;3.028
168;165;3.149
168;168;0.0
168;171;2.744
168;172;3.113
168;173;3.186
168;174;3.845
168;179;3.519
168;218;6.633
168;401;3.117
168;402;3.659
168;406;3.275
169;165;2.982
169;166;3.421
169;169;0.0
169;172;2.878
169;173;4.702
169;175;4.004
169;198;3.974
170;137;3.451
170;166;3.001
170;167;3.005
170;170;0.0
170;201;3.198
170;218;3.402
170;221;3.334
171;167;3.042
171;168;2.744
171;171;0.0
171;221;3.036
171;397;4.013
171;400;2.933
172;168;3.113
172;169;2.878
172;172;0.0
172;175;3.755
172;198;3.946
172;221;3.617
173;168;3.186
173;169;4.702
173;173;0.0
173;399;3.594
173;400;3.947
173;401;2.641
173;402;3.096
173;403;4.471
174;168;3.845
174;174;0.0
174;178;2.895
174;179;3.17
174;402;3.389
175;169;4.004
175;172;3.755
175;175;0.0
175;178;4.689
175;179;3.439
175;180;2.802
175;181;4.759
175;195;3.994
175;198;3.633
176;176;0.0
176;179;3.573
176;180;3.451
176;181;2.913
177;177;0.0
177;181;3.939
178;174;2.895
178;175;4.689
178;178;0.0
178;182;3.9
178;402;3.885
179;155;3.658
179;168;3.519
179;174;3.17
179;175;3.439
179;176;3.573
179;179;0.0
179;182;3.47
179;183;3.067
179;402;3.796
180;175;2.802
180;176;3.451
180;180;0.0
180;183;3.25
180;184;2.849
180;194;3.827
181;175;4.759
181;176;2.913
181;177;3.939
181;181;0.0
181;184;3.046
181;185;3.374
182;178;3.9
182;179;3.47
182;182;0.0
182;185;2.997
182;186;4.176
183;152;3.266
183;156;3.993
183;179;3.067
183;180;3.25
183;183;0.0
183;186;3.057
183;187;2.902
183;194;3.43
184;180;2.849
184;181;3.046
184;184;0.0
184;187;3.713
184;190;4.019
184;191;3.822
185;181;3.374
185;182;2.997
185;185;0.0
186;151;3.853
186;152;3.902
186;182;4.176
186;183;3.057
186;186;0.0
187;148;3.34
187;151;4.623
187;152;3.804
187;183;2.902
187;184;3.713
187;187;0.0
187;190;2.925
188;188;0.0
188;191;4.561
189;189;0.0
189;192;2.593
189;193;3.936
190;184;4.019
190;187;2.925
190;190;0.0
190;193;2.9
190;194;3.171
191;184;3.822
191;188;4.561
191;191;0.0
191;194;3.684
191;195;3.166
192;189;2.593
192;192;0.0
192;196;3.763
193;140;3.533
193;143;3.927
193;144;3.704
193;189;3.936
193;190;2.9
193;193;0.0
193;197;3.581
194;148;3.697
194;156;3.679
194;180;3.827
194;183;3.43
194;190;3.171
194;191;3.684
194;194;0.0
194;197;3.224
194;198;2.719
194;199;4.863
195;175;3.994
195;191;3.166
195;195;0.0
195;198;2.906
195;199;2.803
196;192;3.763
196;196;0.0
196;199;3.027
196;200;2.848
196;201;4.799
197;136;3.675
197;137;3.981
197;140;3.536
197;166;3.966
197;193;3.581
197;194;3.224
197;197;0.0
197;200;3.624
197;201;3.03
197;202;4.696
198;169;3.974
198;172;3.946
198;175;3.633
198;194;2.719
198;195;2.906
198;198;0.0
198;201;3.614
198;202;2.806
198;203;4.66
199;194;4.863
199;195;2.803
199;196;3.027
199;199;0.0
199;202;3.117
199;203;2.806
199;204;4.805
200;136;3.429
200;196;2.848
200;197;3.624
200;200;0.0
200;203;3.248
200;204;3.046
201;133;4.025
201;137;3.846
201;170;3.198
201;196;4.799
201;197;3.03
201;198;3.614
201;201;0.0
201;204;3.678
201;205;3.224
201;218;6.478
201;221;6.183
202;197;4.696
202;198;2.806
202;199;3.117
202;202;0.0
202;205;3.348
202;206;2.908
202;221;5.085
203;198;4.66
203;199;2.806
203;200;3.248
203;203;0.0
203;206;2.942
203;207;2.914
204;129;3.614
204;133;3.314
204;199;4.805
204;200;3.046
204;201;3.678
204;204;0.0
204;207;2.776
204;208;2.728
204;209;4.788
204;218;5.997
205;133;3.549
205;201;3.224
205;202;3.348
205;205;0.0
205;208;3.922
205;209;3.069
205;218;3.424
205;221;4.261
206;202;2.908
206;203;2.942
206;206;0.0
206;209;3.052
206;210;3.012
207;203;2.914
207;204;2.776
207;207;0.0
207;210;2.595
207;211;2.897
208;126;3.338
208;204;2.728
208;205;3.922
208;208;0.0
208;211;4.028
208;212;3.199
208;218;6.197
209;204;4.788
209;205;3.069
209;206;3.052
209;209;0.0
209;212;3.207
209;213;3.022
209;214;4.903
210;206;3.012
210;207;2.595
210;210;0.0
210;213;2.918
210;214;2.596
210;215;4.537
211;207;2.897
211;208;4.028
211;211;0.0
211;214;3.371
211;215;2.726
211;216;4.346
212;122;3.188
212;126;3.199
212;208;3.199
212;209;3.207
212;212;0.0
212;215;3.904
212;216;3.279
212;435;3.725
213;209;3.022
213;210;2.918
213;213;0.0
213;216;3.579
213;217;3.372
213;435;3.965
214;209;4.903
214;210;2.596
214;211;3.371
214;214;0.0
214;217;2.988
215;210;4.537
215;211;2.726
215;212;3.904
215;215;0.0
216;211;4.346
216;212;3.279
216;213;3.579
216;216;0.0
217;213;3.372
217;214;2.988
217;217;0.0
217;442;3.335
218;129;6.171
218;130;4.363
218;131;6.986
218;133;2.536
218;134;3.386
218;135;6.979
218;136;6.96
218;137;4.393
218;154;6.871
218;158;2.834
218;159;4.853
218;160;2.718
218;161;3.533
218;162;6.066
218;163;3.047
218;164;2.915
218;165;6.116
218;166;6.711
218;167;3.461
218;168;6.633
218;170;3.402
218;201;6.478
218;204;5.997
218;205;3.424
218;208;6.197
218;218;0.0
218;400;6.006
218;406;6.751
218;409;5.129
218;413;5.067
218;414;5.26
218;416;3.338
218;417;5.952
218;420;3.315
218;421;6.871
218;424;2.879
219;157;6.234
219;158;4.106
219;159;5.061
219;160;6.035
219;219;0.0
220;124;5.786
220;125;6.493
220;127;3.973
220;128;2.67
220;129;6.631
220;131;4.377
220;132;6.807
220;220;0.0
221;137;6.954
221;167;3.735
221;170;3.334
221;171;3.036
221;172;3.617
221;201;6.183
221;202;5.085
221;205;4.261
221;221;0.0
221;397;3.772
221;400;6.94
221;423;3.991
221;424;4.674
221;426;6.989
221;427;3.314
221;428;6.564
221;431;5.705
221;446;5.562
222;29;6.823
222;30;6.868
222;32;4.812
222;33;2.493
222;34;3.243
222;35;3.72
222;36;5.115
222;37;6.908
222;222;0.0
222;382;6.229
222;383;4.131
222;384;5.042
222;385;5.981
223;109;5.681
223;110;6.528
223;111;3.27
223;112;2.781
223;115;6.675
223;223;0.0
223;349;5.545
223;350;6.261
223;351;6.663
223;352;3.867
223;353;2.941
223;354;6.748
223;356;4.186
223;357;6.633
224;224;0.0
224;227;2.686
224;228;2.973
224;229;4.724
225;225;0.0
225;228;2.828
225;229;2.709
225;230;4.755
225;288;4.956
225;289;3.485
226;226;0.0
226;229;3.511
226;230;3.036
227;224;2.686
227;227;0.0
227;230;3.18
227;231;3.433
228;224;2.973
228;225;2.828
228;228;0.0
228;231;2.646
228;232;2.874
228;233;4.608
228;288;3.891
228;289;3.382
229;224;4.724
229;225;2.709
229;226;3.511
229;229;0.0
229;233;3.295
229;289;3.603
230;225;4.755
230;226;3.036
230;227;3.18
230;230;0.0
230;234;3.251
231;227;3.433
231;228;2.646
231;231;0.0
231;234;3.028
231;237;4.563
232;228;2.874
232;232;0.0
232;237;3.653
232;238;4.755
232;285;3.471
232;289;3.835
233;228;4.608
233;229;3.295
233;233;0.0
233;290;4.355
234;230;3.251
234;231;3.028
234;234;0.0
234;237;3.066
234;238;3.864
235;235;0.0
235;238;2.847
235;239;3.088
235;240;4.782
236;236;0.0
236;239;3.43
236;240;2.767
236;241;4.851
237;231;4.563
237;232;3.653
237;234;3.066
237;237;0.0
237;240;3.118
237;241;3.002
237;282;3.497
238;232;4.755
238;234;3.864
238;235;2.847
238;238;0.0
238;241;2.916
238;242;2.756
238;243;4.589
239;235;3.088
239;236;3.43
239;239;0.0
239;242;3.528
239;243;2.867
240;235;4.782
240;236;2.767
240;237;3.118
240;240;0.0
240;243;3.115
240;244;3.049
240;278;3.996
241;236;4.851
241;237;3.002
241;238;2.916
241;241;0.0
241;244;2.985
241;245;2.961
241;282;3.466
242;238;2.756
242;239;3.528
242;242;0.0
242;245;3.654
242;246;3.446
242;333;3.686
242;334;3.556
243;238;4.589
243;239;2.867
243;240;3.115
243;243;0.0
243;246;3.407
243;247;3.0
244;240;3.049
244;241;2.985
244;244;0.0
244;247;2.97
244;248;2.647
244;249;4.331
244;278;3.835
244;279;3.903
245;241;2.961
245;242;3.654
245;245;0.0
245;248;3.177
245;249;2.595
245;250;4.705
245;279;3.244
245;329;3.175
245;330;3.674
246;242;3.446
246;243;3.407
246;246;0.0
246;249;3.708
246;250;3.182
247;243;3.0
247;244;2.97
247;247;0.0
247;250;3.312
247;251;3.138
247;271;3.459
248;244;2.647
248;245;3.177
248;248;0.0
248;251;3.06
248;252;2.886
248;272;3.291
248;326;3.012
249;244;4.331
249;245;2.595
249;246;3.708
249;249;0.0
249;252;3.216
249;253;3.48
250;245;4.705
250;246;3.182
250;247;3.312
250;250;0.0
250;253;3.267
250;254;3.371
251;247;3.138
251;248;3.06
251;251;0.0
251;254;3.206
251;255;2.827
251;268;3.273
252;248;2.886
252;249;3.216
252;252;0.0
252;255;3.399
252;256;3.475
252;326;3.7
252;327;3.328
253;249;3.48
253;250;3.267
253;253;0.0
253;256;3.605
253;257;4.21
254;250;3.371
254;251;3.206
254;254;0.0
254;257;2.885
254;260;3.364
255;251;2.827
255;252;3.399
255;255;0.0
255;261;3.789
255;268;3.259
255;269;4.875
255;272;3.392
256;252;3.475
256;253;3.605
256;256;0.0
257;253;4.21
257;254;2.885
257;257;0.0
257;260;3.121
257;261;3.159
258;258;0.0
258;261;3.61
258;262;3.49
259;259;0.0
259;262;2.508
259;263;3.298
260;254;3.364
260;257;3.121
260;260;0.0
260;263;2.989
260;264;2.997
261;255;3.789
261;257;3.159
261;258;3.61
261;261;0.0
262;258;3.49
262;259;2.508
262;262;0.0
263;259;3.298
263;260;2.989
263;263;0.0
263;266;4.72
264;260;2.997
264;264;0.0
264;268;3.34
265;265;0.0
265;268;3.462
265;269;3.317
266;263;4.72
266;266;0.0
266;269;2.717
266;270;2.886
266;271;4.629
267;267;0.0
267;270;3.725
267;271;3.154
268;251;3.273
268;255;3.259
268;264;3.34
268;265;3.462
268;268;0.0
268;271;3.973
268;272;3.022
269;255;4.875
269;265;3.317
269;266;2.717
269;269;0.0
269;272;3.34
269;273;3.414
270;266;2.886
270;267;3.725
270;270;0.0
270;273;2.948
270;274;2.933
270;275;4.992
271;247;3.459
271;266;4.629
271;267;3.154
271;268;3.973
271;271;0.0
271;274;3.651
271;275;3.166
272;248;3.291
272;255;3.392
272;268;3.022
272;269;3.34
272;272;0.0
272;275;3.041
272;276;2.946
272;277;4.86
272;326;3.563
273;269;3.414
273;270;2.948
273;273;0.0
273;276;3.014
273;277;3.143
274;270;2.933
274;271;3.651
274;274;0.0
274;277;2.972
274;278;2.897
274;279;4.891
275;270;4.992
275;271;3.166
275;272;3.041
275;275;0.0
275;279;2.79
275;280;4.941
276;272;2.946
276;273;3.014
276;276;0.0
276;279;3.374
276;280;3.008
276;310;3.435
276;311;3.496
277;272;4.86
277;273;3.143
277;274;2.972
277;277;0.0
277;280;2.686
277;281;2.954
277;282;4.899
278;240;3.996
278;244;3.835
278;274;2.897
278;278;0.0
278;281;3.593
278;282;3.068
279;244;3.903
279;245;3.244
279;274;4.891
279;275;2.79
279;276;3.374
279;279;0.0
279;283;2.99
279;284;4.983
279;329;3.821
280;275;4.941
280;276;3.008
280;277;2.686
280;280;0.0
280;283;3.31
280;284;2.902
280;285;4.985
281;277;2.954
281;278;3.593
281;281;0.0
281;284;2.952
281;285;2.858
281;286;4.955
282;237;3.497
282;241;3.466
282;277;4.899
282;278;3.068
282;282;0.0
282;285;3.383
282;286;2.993
282;329;1.944
283;279;2.99
283;280;3.31
283;283;0.0
283;286;3.683
283;287;3.189
283;294;3.748
283;303;3.844
284;279;4.983
284;280;2.902
284;281;2.952
284;284;0.0
284;287;2.98
284;288;3.16
285;232;3.471
285;280;4.985
285;281;2.858
285;282;3.383
285;285;0.0
285;288;3.074
285;289;2.996
286;281;4.955
286;282;2.993
286;283;3.683
286;286;0.0
286;291;4.55
286;294;3.976
286;297;4.778
286;299;4.626
286;300;4.044
286;303;4.624
287;283;3.189
287;284;2.98
287;287;0.0
287;290;3.179
287;291;2.389
287;294;3.428
287;295;3.285
288;225;4.956
288;228;3.891
288;284;3.16
288;285;3.074
288;288;0.0
288;291;3.551
289;225;3.485
289;228;3.382
289;229;3.603
289;232;3.835
289;285;2.996
289;289;0.0
290;233;4.355
290;287;3.179
290;290;0.0
290;293;2.906
290;294;3.667
291;286;4.55
291;287;2.389
291;288;3.551
291;291;0.0
291;294;3.254
291;295;4.111
292;292;0.0
292;295;3.145
292;296;3.402
293;290;2.906
293;293;0.0
293;296;3.232
294;283;3.748
294;286;3.976
294;287;3.428
294;290;3.667
294;291;3.254
294;294;0.0
294;297;2.883
294;300;3.773
295;287;3.285
295;291;4.111
295;292;3.145
295;295;0.0
295;301;3.93
296;292;3.402
296;293;3.232
296;296;0.0
297;286;4.778
297;294;2.883
297;297;0.0
297;300;3.025
297;301;2.893
297;302;4.929
297;338;4.119
298;298;0.0
298;301;3.052
298;302;2.918
299;286;4.626
299;299;0.0
299;302;3.589
299;303;3.168
299;331;3.996
299;332;3.602
299;338;3.7
300;286;4.044
300;294;3.773
300;297;3.025
300;300;0.0
300;303;3.984
300;304;2.684
300;305;4.96
301;295;3.93
301;297;2.893
301;298;3.052
301;301;0.0
301;304;2.818
301;305;2.792
301;306;4.789
302;297;4.929
302;298;2.918
302;299;3.589
302;302;0.0
302;306;2.688
302;307;4.614
302;328;3.375
303;283;3.844
303;286;4.624
303;299;3.168
303;300;3.984
303;303;0.0
303;306;3.784
303;307;3.192
303;329;2.795
303;332;3.514
304;300;2.684
304;301;2.818
304;304;0.0
304;307;2.89
304;308;2.929
305;300;4.96
305;301;2.792
305;305;0.0
305;308;3.298
305;309;3.221
306;301;4.789
306;302;2.688
306;303;3.784
306;306;0.0
306;309;3.89
306;310;3.582
306;325;3.731
306;326;3.623
307;302;4.614
307;303;3.192
307;304;2.89
307;307;0.0
307;310;3.163
307;311;2.973
308;304;2.929
308;305;3.298
308;308;0.0
308;311;2.758
308;312;3.139
309;305;3.221
309;306;3.89
309;309;0.0
309;312;3.278
309;322;3.978
309;323;4.191
310;276;3.435
310;306;3.582
310;307;3.163
310;310;0.0
310;323;4.128
310;326;2.353
311;276;3.496
311;307;2.973
311;308;2.758
311;311;0.0
312;308;3.139
312;309;3.278
312;312;0.0
312;319;3.727
312;323;2.724
313;313;0.0
313;323;3.534
314;314;0.0
314;320;2.908
314;323;4.363
315;315;0.0
315;320;4.889
316;316;0.0
316;319;3.697
316;320;4.418
316;445;5.2
317;317;0.0
317;320;2.671
317;321;2.781
317;322;4.827
317;445;5.741
318;318;0.0
318;321;2.688
318;322;2.519
318;323;4.812
318;445;3.288
319;312;3.727
319;316;3.697
319;319;0.0
319;322;3.36
319;323;3.24
320;314;2.908
320;315;4.889
320;316;4.418
320;317;2.671
320;320;0.0
320;323;3.847
320;324;4.92
321;317;2.781
321;318;2.688
321;321;0.0
321;324;2.987
321;325;4.625
321;445;6.717
322;309;3.978
322;317;4.827
322;318;2.519
322;319;3.36
322;322;0.0
322;325;2.74
322;326;4.564
323;309;4.191
323;310;4.128
323;312;2.724
323;313;3.534
323;314;4.363
323;318;4.812
323;319;3.24
323;320;3.847
323;323;0.0
323;326;2.962
323;327;4.847
324;320;4.92
324;321;2.987
324;324;0.0
324;327;3.087
324;328;4.625
325;306;3.731
325;321;4.625
325;322;2.74
325;325;0.0
325;328;2.977
325;329;4.27
326;248;3.012
326;252;3.7
326;272;3.563
326;306;3.623
326;310;2.353
326;322;4.564
326;323;2.962
326;326;0.0
326;329;2.676
326;330;4.364
327;252;3.328
327;323;4.847
327;324;3.087
327;327;0.0
327;330;3.35
327;331;4.766
328;302;3.375
328;324;4.625
328;325;2.977
328;328;0.0
328;331;2.96
328;332;3.566
329;245;3.175
329;279;3.821
329;282;1.944
329;303;2.795
329;325;4.27
329;326;2.676
329;329;0.0
329;332;3.151
329;333;2.839
329;334;4.623
330;245;3.674
330;326;4.364
330;327;3.35
330;330;0.0
330;334;3.589
331;299;3.996
331;327;4.766
331;328;2.96
331;331;0.0
331;334;3.804
331;338;4.988
331;341;3.351
332;299;3.602
332;303;3.514
332;328;3.566
332;329;3.151
332;332;0.0
332;338;3.145
333;242;3.686
333;329;2.839
333;333;0.0
334;242;3.556
334;329;4.623
334;330;3.589
334;331;3.804
334;334;0.0
334;337;3.452
334;338;3.389
335;335;0.0
335;338;4.212
336;336;0.0
336;339;3.137
336;340;2.963
337;334;3.452
337;337;0.0
337;340;3.163
337;341;2.956
337;342;4.61
338;297;4.119
338;299;3.7
338;331;4.988
338;332;3.145
338;334;3.389
338;335;4.212
338;338;0.0
338;341;3.526
338;342;2.574
338;343;4.64
339;336;3.137
339;339;0.0
339;342;3.304
339;343;2.823
339;344;4.98
340;336;2.963
340;337;3.163
340;340;0.0
340;343;2.961
340;344;2.776
340;345;4.872
341;331;3.351
341;337;2.956
341;338;3.526
341;341;0.0
341;344;3.143
341;345;2.993
341;346;4.929
342;337;4.61
342;338;2.574
342;339;3.304
342;342;0.0
342;345;3.6
342;346;3.102
343;338;4.64
343;339;2.823
343;340;2.961
343;343;0.0
343;346;3.567
343;347;3.827
344;339;4.98
344;340;2.776
344;341;3.143
344;344;0.0
344;347;3.18
344;348;3.899
345;340;4.872
345;341;2.993
345;342;3.6
345;345;0.0
345;348;2.943
346;341;4.929
346;342;3.102
346;343;3.567
346;346;0.0
346;349;3.436
346;350;4.703
347;343;3.827
347;344;3.18
347;347;0.0
347;350;3.104
347;351;3.909
347;437;3.494
348;344;3.899
348;345;2.943
348;348;0.0
348;351;2.899
348;352;3.49
349;223;5.545
349;346;3.436
349;349;0.0
349;352;3.354
349;353;4.912
350;223;6.261
350;346;4.703
350;347;3.104
350;350;0.0
351;223;6.663
351;347;3.909
351;348;2.899
351;351;0.0
351;354;3.206
351;355;2.664
351;356;4.73
351;433;3.345
351;437;3.481
352;223;3.867
352;348;3.49
352;349;3.354
352;352;0.0
352;355;3.443
352;356;2.8
352;357;4.734
353;115;3.53
353;223;2.941
353;349;4.912
353;353;0.0
353;356;3.422
353;357;3.061
354;115;3.779
354;223;6.748
354;351;3.206
354;354;0.0
354;357;2.935
354;358;2.891
354;433;3.834
354;444;5.772
355;351;2.664
355;352;3.443
355;355;0.0
355;358;3.473
355;359;3.037
355;444;4.178
356;223;4.186
356;351;4.73
356;352;2.8
356;353;3.422
356;356;0.0
356;359;3.279
356;360;3.053
356;361;4.995
356;444;6.819
357;115;3.486
357;116;4.006
357;119;3.532
357;223;6.633
357;352;4.734
357;353;3.061
357;354;2.935
357;357;0.0
357;360;3.25
357;361;2.969
358;354;2.891
358;355;3.473
358;358;0.0
358;361;2.943
358;362;2.747
358;363;4.806
358;426;3.77
358;429;3.157
358;430;3.35
358;444;2.238
359;355;3.037
359;356;3.279
359;359;0.0
359;362;3.532
359;363;2.959
359;444;3.406
360;106;3.653
360;356;3.053
360;357;3.25
360;360;0.0
360;363;3.128
360;364;2.887
360;365;4.977
360;444;6.84
361;103;3.845
361;356;4.995
361;357;2.969
361;358;2.943
361;361;0.0
361;364;3.224
361;365;2.945
361;366;4.695
361;422;3.651
361;425;3.392
361;444;6.716
362;358;2.747
362;359;3.532
362;362;0.0
362;365;3.352
362;366;2.668
362;367;4.582
362;388;3.803
362;391;3.799
362;395;3.488
362;422;3.849
362;426;3.749
362;444;4.391
363;358;4.806
363;359;2.959
363;360;3.128
363;363;0.0
363;366;3.453
363;367;3.03
363;388;3.996
364;102;3.747
364;103;3.347
364;360;2.887
364;361;3.224
364;364;0.0
364;367;3.355
364;368;3.083
365;360;4.977
365;361;2.945
365;362;3.352
365;365;0.0
365;368;3.337
365;369;2.832
365;370;4.881
365;391;3.625
365;418;3.622
365;422;3.383
366;361;4.695
366;362;2.668
366;363;3.453
366;366;0.0
366;369;3.309
366;370;2.964
366;388;3.805
366;391;3.818
367;28;4.01
367;32;4.74
367;362;4.582
367;363;3.03
367;364;3.355
367;367;0.0
367;370;3.347
367;371;3.301
367;384;3.448
368;96;3.774
368;97;3.738
368;99;3.107
368;364;3.083
368;365;3.337
368;368;0.0
368;371;3.265
368;372;2.958
368;373;4.947
368;418;3.902
369;365;2.832
369;366;3.309
369;369;0.0
369;372;3.049
369;373;2.824
369;374;3.629
369;381;3.596
369;418;3.891
370;365;4.881
370;366;2.964
370;367;3.347
370;370;0.0
370;373;4.155
370;374;3.186
370;375;4.641
370;381;3.836
370;382;3.994
370;383;3.757
370;387;2.919
371;367;3.301
371;368;3.265
371;371;0.0
372;96;3.945
372;368;2.958
372;369;3.049
372;372;0.0
372;418;3.934
372;443;3.382
373;368;4.947
373;369;2.824
373;370;4.155
373;373;0.0
373;376;3.353
373;377;2.792
373;381;3.758
373;412;3.359
373;419;3.75
373;443;3.939
374;369;3.629
374;370;3.186
374;374;0.0
374;377;3.729
375;370;4.641
375;375;0.0
376;373;3.353
376;376;0.0
376;411;3.734
376;412;4.656
376;443;6.842
377;373;2.792
377;374;3.729
377;377;0.0
377;380;3.149
377;381;2.88
377;382;3.527
377;408;3.398
377;411;3.992
377;412;3.902
378;378;0.0
378;381;3.682
378;382;3.002
378;383;4.661
379;379;0.0
379;386;3.687
379;444;6.876
380;377;3.149
380;380;0.0
380;386;3.856
380;387;4.177
380;390;4.72
380;404;3.984
380;408;4.039
381;369;3.596
381;370;3.836
381;373;3.758
381;377;2.88
381;378;3.682
381;381;0.0
381;387;3.264
381;390;3.439
381;408;3.75
381;419;3.584
382;222;6.229
382;370;3.994
382;377;3.527
382;378;3.002
382;382;0.0
382;386;4.366
383;222;4.131
383;370;3.757
383;378;4.661
383;383;0.0
383;386;3.304
383;387;2.837
383;388;4.848
383;444;2.98
384;32;3.887
384;222;5.042
384;367;3.448
384;384;0.0
384;387;3.464
384;388;2.974
384;444;5.065
385;222;5.981
385;385;0.0
385;388;3.099
385;389;2.982
385;444;2.627
386;379;3.687
386;380;3.856
386;382;4.366
386;383;3.304
386;386;0.0
386;389;3.171
386;390;3.008
386;444;3.324
387;370;2.919
387;380;4.177
387;381;3.264
387;383;2.837
387;384;3.464
387;387;0.0
387;390;3.426
387;391;2.849
387;392;4.729
387;444;5.793
388;362;3.803
388;363;3.996
388;366;3.805
388;383;4.848
388;384;2.974
388;385;3.099
388;388;0.0
388;391;3.274
388;392;2.94
388;444;2.926
389;385;2.982
389;386;3.171
389;389;0.0
389;392;3.113
389;393;3.015
389;444;3.11
390;380;4.72
390;381;3.439
390;386;3.008
390;387;3.426
390;390;0.0
390;393;3.037
390;394;2.949
390;444;6.332
391;362;3.799
391;365;3.625
391;366;3.818
391;387;2.849
391;388;3.274
391;391;0.0
391;394;3.293
391;395;3.048
391;419;4.015
391;422;4.01
391;444;6.749
392;387;4.729
392;388;2.94
392;389;3.113
392;392;0.0
392;395;3.024
392;396;3.166
392;444;3.255
392;446;3.981
393;389;3.015
393;390;3.037
393;393;0.0
393;396;2.807
393;397;3.171
393;398;3.341
393;404;3.273
393;444;6.59
394;390;2.949
394;391;3.293
394;394;0.0
394;397;2.895
394;423;3.857
395;362;3.488
395;391;3.048
395;392;3.024
395;395;0.0
395;426;3.265
395;444;3.691
395;446;3.119
396;392;3.166
396;393;2.807
396;396;0.0
396;446;3.195
397;171;4.013
397;221;3.772
397;393;3.171
397;394;2.895
397;397;0.0
397;400;3.69
397;423;3.999
397;446;3.867
398;393;3.341
398;398;0.0
399;173;3.594
399;399;0.0
399;403;2.887
399;404;3.105
400;164;3.894
400;167;3.759
400;171;2.933
400;173;3.947
400;218;6.006
400;221;6.94
400;397;3.69
400;400;0.0
400;403;4.619
400;404;3.325
400;405;2.757
400;406;4.711
400;420;3.925
400;423;3.628
401;164;2.716
401;168;3.117
401;173;2.641
401;401;0.0
401;404;3.581
401;405;3.397
401;406;2.841
402;155;4.737
402;168;3.659
402;173;3.096
402;174;3.389
402;178;3.885
402;179;3.796
402;402;0.0
402;406;3.969
403;173;4.471
403;399;2.887
403;400;4.619
403;403;0.0
403;407;3.926
404;380;3.984
404;393;3.273
404;399;3.105
404;400;3.325
404;401;3.581
404;404;0.0
404;407;3.515
404;408;3.072
405;400;2.757
405;401;3.397
405;405;0.0
405;408;3.264
405;409;2.859
405;419;3.731
406;154;3.908
406;155;3.535
406;164;3.6
406;165;4.91
406;168;3.275
406;218;6.751
406;400;4.711
406;401;2.841
406;402;3.969
406;406;0.0
406;409;3.043
406;410;3.335
407;403;3.926
407;404;3.515
407;407;0.0
407;410;3.13
407;411;4.223
408;377;3.398
408;380;4.039
408;381;3.75
408;404;3.072
408;405;3.264
408;408;0.0
408;411;3.017
408;412;2.88
408;419;3.443
409;164;3.279
409;218;5.129
409;405;2.859
409;406;3.043
409;409;0.0
409;412;3.592
409;416;3.886
410;406;3.335
410;407;3.13
410;410;0.0
411;376;3.734
411;377;3.992
411;407;4.223
411;408;3.017
411;411;0.0
411;443;4.403
412;373;3.359
412;376;4.656
412;377;3.902
412;408;2.88
412;409;3.592
412;412;0.0
412;415;2.987
412;443;2.133
413;218;5.067
413;413;0.0
413;416;4.568
413;443;4.287
414;218;5.26
414;414;0.0
414;417;2.683
414;418;3.894
414;443;3.662
415;412;2.987
415;415;0.0
415;418;2.832
415;419;3.047
415;443;4.015
416;218;3.338
416;409;3.886
416;413;4.568
416;416;0.0
416;419;3.57
416;420;3.034
416;443;6.748
417;218;5.952
417;414;2.683
417;417;0.0
417;421;3.793
417;443;5.367
418;365;3.622
418;368;3.902
418;369;3.891
418;372;3.934
418;414;3.894
418;415;2.832
418;418;0.0
418;422;3.531
418;443;4.759
419;373;3.75
419;381;3.584
419;391;4.015
419;405;3.731
419;408;3.443
419;415;3.047
419;416;3.57
419;419;0.0
419;422;3.164
419;423;2.78
419;424;4.936
420;167;3.629
420;218;3.315
420;400;3.925
420;416;3.034
420;420;0.0
420;423;2.978
420;424;2.842
421;218;6.871
421;417;3.793
421;421;0.0
421;424;2.95
421;425;2.827
421;426;4.741
422;361;3.651
422;362;3.849
422;365;3.383
422;391;4.01
422;418;3.531
422;419;3.164
422;422;0.0
422;425;3.52
422;426;2.956
422;427;4.655
423;221;3.991
423;394;3.857
423;397;3.999
423;400;3.628
423;419;2.78
423;420;2.978
423;423;0.0
423;426;3.605
423;427;2.876
423;428;4.724
424;167;3.444
424;218;2.879
424;221;4.674
424;419;4.936
424;420;2.842
424;421;2.95
424;424;0.0
424;427;3.092
424;428;2.815
424;429;4.819
425;361;3.392
425;421;2.827
425;422;3.52
425;425;0.0
425;428;3.365
425;429;3.128
426;221;6.989
426;358;3.77
426;362;3.749
426;395;3.265
426;421;4.741
426;422;2.956
426;423;3.605
426;426;0.0
426;429;3.753
426;430;3.235
426;444;5.888
426;446;6.381
427;221;3.314
427;422;4.655
427;423;2.876
427;424;3.092
427;427;0.0
427;430;3.225
427;431;2.862
427;432;4.995
427;446;5.566
428;119;3.962
428;221;6.564
428;423;4.724
428;424;2.815
428;425;3.365
428;428;0.0
428;431;3.014
428;432;2.869
428;433;4.98
429;358;3.157
429;424;4.819
429;425;3.128
429;426;3.753
429;429;0.0
429;432;2.862
429;433;2.682
429;434;4.73
429;444;5.685
430;358;3.35
430;426;3.235
430;427;3.225
430;430;0.0
430;433;3.903
430;434;2.909
430;435;4.984
430;444;3.484
430;446;4.073
431;221;5.705
431;427;2.862
431;428;3.014
431;431;0.0
431;434;3.234
431;435;3.019
432;119;3.651
432;427;4.995
432;428;2.869
432;429;2.862
432;432;0.0
432;435;3.991
432;436;2.848
433;351;3.345
433;354;3.834
433;428;4.98
433;429;2.682
433;430;3.903
433;433;0.0
433;436;4.012
433;437;3.323
433;444;5.753
434;429;4.73
434;430;2.909
434;431;3.234
434;434;0.0
434;438;3.27
435;212;3.725
435;213;3.965
435;430;4.984
435;431;3.019
435;432;3.991
435;435;0.0
435;438;2.909
435;439;2.855
435;440;4.602
436;432;2.848
436;433;4.012
436;436;0.0
436;439;3.005
436;440;2.595
436;441;4.417
437;347;3.494
437;351;3.481
437;433;3.323
437;437;0.0
437;440;3.522
437;441;2.92
437;442;4.743
438;434;3.27
438;435;2.909
438;438;0.0
438;441;3.409
438;442;3.006
439;435;2.855
439;436;3.005
439;439;0.0
439;442;3.415
440;435;4.602
440;436;2.595
440;437;3.522
440;440;0.0
441;436;4.417
441;437;2.92
441;438;3.409
441;441;0.0
442;217;3.335
442;437;4.743
442;438;3.006
442;439;3.415
442;442;0.0
443;91;5.687
443;92;6.08
443;93;3.845
443;96;6.92
443;372;3.382
443;373;3.939
443;376;6.842
443;411;4.403
443;412;2.133
443;413;4.287
443;414;3.662
443;415;4.015
443;416;6.748
443;417;5.367
443;418;4.759
443;443;0.0
444;354;5.772
444;355;4.178
444;356;6.819
444;358;2.238
444;359;3.406
444;360;6.84
444;361;6.716
444;362;4.391
444;379;6.876
444;383;2.98
444;384;5.065
444;385;2.627
444;386;3.324
444;387;5.793
444;388;2.926
444;389;3.11
444;390;6.332
444;391;6.749
444;392;3.255
444;393;6.59
444;395;3.691
444;426;5.888
444;429;5.685
444;430;3.484
444;433;5.753
444;444;0.0
445;316;5.2
445;317;5.741
445;318;3.288
445;321;6.717
445;445;0.0
446;221;5.562
446;392;3.981
446;395;3.119
446;396;3.195
446;397;3.867
446;426;6.381
446;427;5.566
446;430;4.073
446;446;0.0
